1970720           17191599
334               400
183788984         62098619
2378              1796
5948              3062
5409              2022
1289579105366     92148721834692
265               962
6430446922192     6460170593016
841               1875
217812            259112729857522
1477762           923480
31761             90798500745591
214109808         7687
1442192           1448458
135536            583
7,0,3,1,2,6,3,7,1 109020013201563
246               22,50
290               712058625427487
1448              1017615
105458            129551515895690
14180628689       1690
1046              de,id,ke,ls,po,sn,tf,tl,tm,uj,un,xw,yz
